model_params:
  lightgbm:
    learning_rate: 0.0987683180201327
    num_leaves: 436
    max_depth: 12
    min_data_in_leaf: 71
    min_child_weight: 0.001683601532174483
    feature_fraction: 0.9523508588740313
    bagging_fraction: 0.7041287547411096
    lambda_l1: 4.673609444060118
    lambda_l2: 0.001337859269238743
    min_gain_to_split: 0.0052955796204523535

  catboost:
    iterations: 127
    learning_rate: 0.0021671251498641105
    depth: 11
    loss_function: MAE
    random_seed: 42
    verbose: False

  xgboost:
    objective: reg:squarederror
    learning_rate: 0.020523230971679813
    max_depth: 20
    min_child_weight: 10
    gamma: 4.27443753117609
    subsample: 0.49335787451194985
    colsample_bytree: 0.8502375640374019
    seed: 42
